Ticker,AAPL,AMZN,GOOGL,META,MSFT,NFLX
AAPL,1.0,0.543,0.548,0.473,0.583,0.38
AMZN,0.543,1.0,0.613,0.598,0.621,0.466
GOOGL,0.548,0.613,1.0,0.543,0.579,0.372
META,0.473,0.598,0.543,1.0,0.549,0.432
MSFT,0.583,0.621,0.579,0.549,1.0,0.426
NFLX,0.38,0.466,0.372,0.432,0.426,1.0
